10                      00000 00000.00    
04 Troy Bartan          10001 00700.10    
00                      00000 00000.00    
10                      00000 00000.00    
07 George Frick         15000 00000.00    
00                      00000 00000.00    
10 Troy Bartan          00000 00000.00    
04 Troy Bartan          10000 00465.10    
00 Troy Bartan          00000 00000.00    
10                      00000 00000.00    
05 Jose Ankin           00000 00450.50    
00                      00000 00000.00    
10 John Doe             00000 00000.00    
04 John Doe             00001 00100.00    
00 John Doe             00000 00000.00    
